(kicad_pcb (version 20171130) (host pcbnew "(5.1.9)-1")

  (general
    (thickness 1.6)
    (drawings 18)
    (tracks 756)
    (zones 0)
    (modules 59)
    (nets 122)
  )

  (page A4)
  (layers
    (0 F.Cu signal)
    (31 B.Cu signal)
    (32 B.Adhes user)
    (33 F.Adhes user)
    (34 B.Paste user)
    (35 F.Paste user)
    (36 B.SilkS user)
    (37 F.SilkS user)
    (38 B.Mask user)
    (39 F.Mask user)
    (40 Dwgs.User user)
    (41 Cmts.User user)
    (42 Eco1.User user)
    (43 Eco2.User user)
    (44 Edge.Cuts user)
    (45 Margin user)
    (46 B.CrtYd user)
    (47 F.CrtYd user)
    (48 B.Fab user)
    (49 F.Fab user)
  )

  (setup
    (last_trace_width 0.25)
    (trace_clearance 0.2)
    (zone_clearance 0.508)
    (zone_45_only no)
    (trace_min 0.2)
    (via_size 0.8)
    (via_drill 0.4)
    (via_min_size 0.4)
    (via_min_drill 0.3)
    (uvia_size 0.3)
    (uvia_drill 0.1)
    (uvias_allowed no)
    (uvia_min_size 0.2)
    (uvia_min_drill 0.1)
    (edge_width 0.05)
    (segment_width 0.2)
    (pcb_text_width 0.3)
    (pcb_text_size 1.5 1.5)
    (mod_edge_width 0.12)
    (mod_text_size 1 1)
    (mod_text_width 0.15)
    (pad_size 1 1.45)
    (pad_drill 0)
    (pad_to_mask_clearance 0)
    (aux_axis_origin 0 0)
    (visible_elements 7FFFFFFF)
    (pcbplotparams
      (layerselection 0x010fc_ffffffff)
      (usegerberextensions false)
      (usegerberattributes true)
      (usegerberadvancedattributes true)
      (creategerberjobfile true)
      (excludeedgelayer true)
      (linewidth 0.100000)
      (plotframeref false)
      (viasonmask false)
      (mode 1)
      (useauxorigin false)
      (hpglpennumber 1)
      (hpglpenspeed 20)
      (hpglpendiameter 15.000000)
      (psnegative false)
      (psa4output false)
      (plotreference true)
      (plotvalue true)
      (plotinvisibletext false)
      (padsonsilk false)
      (subtractmaskfromsilk false)
      (outputformat 1)
      (mirror false)
      (drillshape 1)
      (scaleselection 1)
      (outputdirectory ""))
  )

  (net 0 "")
  (net 1 GNDPWR)
  (net 2 /unreg5V)
  (net 3 /3V3)
  (net 4 /PH0)
  (net 5 "Net-(C12-Pad1)")
  (net 6 "Net-(C13-Pad1)")
  (net 7 /NRST)
  (net 8 "Net-(C21-Pad1)")
  (net 9 "Net-(C22-Pad1)")
  (net 10 "Net-(D1-Pad1)")
  (net 11 /5V_BAT)
  (net 12 /5V_USB)
  (net 13 "Net-(D3-Pad1)")
  (net 14 "Net-(D3-Pad2)")
  (net 15 "Net-(D4-Pad2)")
  (net 16 "Net-(D4-Pad1)")
  (net 17 "Net-(J3-Pad4)")
  (net 18 "Net-(J3-Pad7)")
  (net 19 "Net-(J3-Pad8)")
  (net 20 /SWCLK)
  (net 21 /SWDIO)
  (net 22 "Net-(J5-Pad2)")
  (net 23 "Net-(J5-Pad3)")
  (net 24 "Net-(J5-Pad4)")
  (net 25 /OUT1)
  (net 26 /OUT2)
  (net 27 /OUT3)
  (net 28 /OUT4)
  (net 29 /OUT5)
  (net 30 /OUT6)
  (net 31 "Net-(J7-Pad1)")
  (net 32 "Net-(J7-Pad2)")
  (net 33 "Net-(J7-Pad3)")
  (net 34 "Net-(J7-Pad4)")
  (net 35 "Net-(J7-Pad5)")
  (net 36 "Net-(J7-Pad7)")
  (net 37 /UART1_RX)
  (net 38 "Net-(J7-Pad9)")
  (net 39 /UART1_TX)
  (net 40 "Net-(J7-Pad11)")
  (net 41 "Net-(J7-Pad12)")
  (net 42 "Net-(J7-Pad13)")
  (net 43 "Net-(J7-Pad14)")
  (net 44 "Net-(J7-Pad15)")
  (net 45 "Net-(J7-Pad16)")
  (net 46 "Net-(J7-Pad17)")
  (net 47 "Net-(J7-Pad18)")
  (net 48 "Net-(J7-Pad19)")
  (net 49 "Net-(J7-Pad20)")
  (net 50 "Net-(J7-Pad21)")
  (net 51 "Net-(J7-Pad22)")
  (net 52 "Net-(J7-Pad23)")
  (net 53 "Net-(J7-Pad24)")
  (net 54 "Net-(J7-Pad25)")
  (net 55 "Net-(J7-Pad26)")
  (net 56 "Net-(J7-Pad27)")
  (net 57 "Net-(J7-Pad28)")
  (net 58 "Net-(J7-Pad29)")
  (net 59 "Net-(J7-Pad30)")
  (net 60 "Net-(J7-Pad31)")
  (net 61 "Net-(J7-Pad32)")
  (net 62 "Net-(J7-Pad33)")
  (net 63 "Net-(J7-Pad34)")
  (net 64 "Net-(J7-Pad35)")
  (net 65 "Net-(J7-Pad36)")
  (net 66 "Net-(J7-Pad37)")
  (net 67 "Net-(J7-Pad38)")
  (net 68 "Net-(J7-Pad39)")
  (net 69 "Net-(J7-Pad40)")
  (net 70 /GPS_TX)
  (net 71 /GPS_RX)
  (net 72 "Net-(J9-Pad4)")
  (net 73 "Net-(J9-Pad3)")
  (net 74 /RC_PPM_IN)
  (net 75 /I2C1_SCL)
  (net 76 /I2C1_SDA)
  (net 77 /GYRO_CS)
  (net 78 /BOOT0)
  (net 79 /USB+)
  (net 80 /USB-)
  (net 81 "Net-(R8-Pad1)")
  (net 82 "Net-(R9-Pad1)")
  (net 83 /VOLT)
  (net 84 /CURR)
  (net 85 "Net-(U1-Pad4)")
  (net 86 "Net-(U2-Pad2)")
  (net 87 "Net-(U2-Pad3)")
  (net 88 "Net-(U2-Pad4)")
  (net 89 "Net-(U2-Pad8)")
  (net 90 "Net-(U2-Pad11)")
  (net 91 "Net-(U2-Pad19)")
  (net 92 /GYRO_SCK)
  (net 93 /GYRO_MISO)
  (net 94 /GYRO_MOSI)
  (net 95 /GYRO_INT)
  (net 96 "Net-(U2-Pad25)")
  (net 97 "Net-(U2-Pad28)")
  (net 98 "Net-(U2-Pad33)")
  (net 99 "Net-(U2-Pad34)")
  (net 100 "Net-(U2-Pad36)")
  (net 101 "Net-(U2-Pad37)")
  (net 102 "Net-(U2-Pad38)")
  (net 103 "Net-(U2-Pad39)")
  (net 104 "Net-(U2-Pad40)")
  (net 105 "Net-(U2-Pad41)")
  (net 106 "Net-(U2-Pad50)")
  (net 107 /FLASH_SCK)
  (net 108 /FLASH_MISO)
  (net 109 /FLASH_MOSI)
  (net 110 "Net-(U2-Pad54)")
  (net 111 /FLASH_CS)
  (net 112 "Net-(U2-Pad56)")
  (net 113 /MAG_DRDY)
  (net 114 "Net-(U3-Pad6)")
  (net 115 "Net-(U3-Pad7)")
  (net 116 "Net-(U6-Pad6)")
  (net 117 /PH1)
  (net 118 "Net-(C23-Pad2)")
  (net 119 "Net-(U7-Pad2)")
  (net 120 "Net-(U7-Pad11)")
  (net 121 "Net-(U7-Pad12)")

  (net_class Default "This is the default net class."
    (clearance 0.2)
    (trace_width 0.25)
    (via_dia 0.8)
    (via_drill 0.4)
    (uvia_dia 0.3)
    (uvia_drill 0.1)
    (add_net /3V3)
    (add_net /5V_BAT)
    (add_net /5V_USB)
    (add_net /BOOT0)
    (add_net /CURR)
    (add_net /FLASH_CS)
    (add_net /FLASH_MISO)
    (add_net /FLASH_MOSI)
    (add_net /FLASH_SCK)
    (add_net /GPS_RX)
    (add_net /GPS_TX)
    (add_net /GYRO_CS)
    (add_net /GYRO_INT)
    (add_net /GYRO_MISO)
    (add_net /GYRO_MOSI)
    (add_net /GYRO_SCK)
    (add_net /I2C1_SCL)
    (add_net /I2C1_SDA)
    (add_net /MAG_DRDY)
    (add_net /NRST)
    (add_net /OUT1)
    (add_net /OUT2)
    (add_net /OUT3)
    (add_net /OUT4)
    (add_net /OUT5)
    (add_net /OUT6)
    (add_net /PH0)
    (add_net /PH1)
    (add_net /RC_PPM_IN)
    (add_net /SWCLK)
    (add_net /SWDIO)
    (add_net /UART1_RX)
    (add_net /UART1_TX)
    (add_net /USB+)
    (add_net /USB-)
    (add_net /VOLT)
    (add_net /unreg5V)
    (add_net GNDPWR)
    (add_net "Net-(C12-Pad1)")
    (add_net "Net-(C13-Pad1)")
    (add_net "Net-(C21-Pad1)")
    (add_net "Net-(C22-Pad1)")
    (add_net "Net-(C23-Pad2)")
    (add_net "Net-(D1-Pad1)")
    (add_net "Net-(D3-Pad1)")
    (add_net "Net-(D3-Pad2)")
    (add_net "Net-(D4-Pad1)")
    (add_net "Net-(D4-Pad2)")
    (add_net "Net-(J3-Pad4)")
    (add_net "Net-(J3-Pad7)")
    (add_net "Net-(J3-Pad8)")
    (add_net "Net-(J5-Pad2)")
    (add_net "Net-(J5-Pad3)")
    (add_net "Net-(J5-Pad4)")
    (add_net "Net-(J7-Pad1)")
    (add_net "Net-(J7-Pad11)")
    (add_net "Net-(J7-Pad12)")
    (add_net "Net-(J7-Pad13)")
    (add_net "Net-(J7-Pad14)")
    (add_net "Net-(J7-Pad15)")
    (add_net "Net-(J7-Pad16)")
    (add_net "Net-(J7-Pad17)")
    (add_net "Net-(J7-Pad18)")
    (add_net "Net-(J7-Pad19)")
    (add_net "Net-(J7-Pad2)")
    (add_net "Net-(J7-Pad20)")
    (add_net "Net-(J7-Pad21)")
    (add_net "Net-(J7-Pad22)")
    (add_net "Net-(J7-Pad23)")
    (add_net "Net-(J7-Pad24)")
    (add_net "Net-(J7-Pad25)")
    (add_net "Net-(J7-Pad26)")
    (add_net "Net-(J7-Pad27)")
    (add_net "Net-(J7-Pad28)")
    (add_net "Net-(J7-Pad29)")
    (add_net "Net-(J7-Pad3)")
    (add_net "Net-(J7-Pad30)")
    (add_net "Net-(J7-Pad31)")
    (add_net "Net-(J7-Pad32)")
    (add_net "Net-(J7-Pad33)")
    (add_net "Net-(J7-Pad34)")
    (add_net "Net-(J7-Pad35)")
    (add_net "Net-(J7-Pad36)")
    (add_net "Net-(J7-Pad37)")
    (add_net "Net-(J7-Pad38)")
    (add_net "Net-(J7-Pad39)")
    (add_net "Net-(J7-Pad4)")
    (add_net "Net-(J7-Pad40)")
    (add_net "Net-(J7-Pad5)")
    (add_net "Net-(J7-Pad7)")
    (add_net "Net-(J7-Pad9)")
    (add_net "Net-(J9-Pad3)")
    (add_net "Net-(J9-Pad4)")
    (add_net "Net-(R8-Pad1)")
    (add_net "Net-(R9-Pad1)")
    (add_net "Net-(U1-Pad4)")
    (add_net "Net-(U2-Pad11)")
    (add_net "Net-(U2-Pad19)")
    (add_net "Net-(U2-Pad2)")
    (add_net "Net-(U2-Pad25)")
    (add_net "Net-(U2-Pad28)")
    (add_net "Net-(U2-Pad3)")
    (add_net "Net-(U2-Pad33)")
    (add_net "Net-(U2-Pad34)")
    (add_net "Net-(U2-Pad36)")
    (add_net "Net-(U2-Pad37)")
    (add_net "Net-(U2-Pad38)")
    (add_net "Net-(U2-Pad39)")
    (add_net "Net-(U2-Pad4)")
    (add_net "Net-(U2-Pad40)")
    (add_net "Net-(U2-Pad41)")
    (add_net "Net-(U2-Pad50)")
    (add_net "Net-(U2-Pad54)")
    (add_net "Net-(U2-Pad56)")
    (add_net "Net-(U2-Pad8)")
    (add_net "Net-(U3-Pad6)")
    (add_net "Net-(U3-Pad7)")
    (add_net "Net-(U6-Pad6)")
    (add_net "Net-(U7-Pad11)")
    (add_net "Net-(U7-Pad12)")
    (add_net "Net-(U7-Pad2)")
  )

  (module Connector_JST:JST_EH_B3B-EH-A_1x03_P2.50mm_Vertical (layer F.Cu) (tedit 5C28142C) (tstamp 604C99D5)
    (at 53.97 105.93)
    (descr "JST EH series connector, B3B-EH-A (http://www.jst-mfg.com/product/pdf/eng/eEH.pdf), generated with kicad-footprint-generator")
    (tags "connector JST EH vertical")
    (path /60690EDB)
    (fp_text reference J10 (at 0 -2.33) (layer F.SilkS)
      (effects (font (size 1 1) (thickness 0.15)))
    )
    (fp_text value Conn_01x03_Male (at -22.87 -41.35) (layer F.Fab)
      (effects (font (size 1 1) (thickness 0.15)))
    )
    (fp_text user %R (at 0 2.54 90) (layer F.Fab)
      (effects (font (size 1 1) (thickness 0.15)))
    )
    (fp_line (start -2.5 -1.6) (end -2.5 2.2) (layer F.Fab) (width 0.1))
    (fp_line (start -2.5 2.2) (end 7.5 2.2) (layer F.Fab) (width 0.1))
    (fp_line (start 7.5 2.2) (end 7.5 -1.6) (layer F.Fab) (width 0.1))
    (fp_line (start 7.5 -1.6) (end -2.5 -1.6) (layer F.Fab) (width 0.1))
    (fp_line (start -3 -2.1) (end -3 2.7) (layer F.CrtYd) (width 0.05))
    (fp_line (start -3 2.7) (end 8 2.7) (layer F.CrtYd) (width 0.05))
    (fp_line (start 8 2.7) (end 8 -2.1) (layer F.CrtYd) (width 0.05))
    (fp_line (start 8 -2.1) (end -3 -2.1) (layer F.CrtYd) (width 0.05))
    (fp_line (start -2.61 -1.71) (end -2.61 2.31) (layer F.SilkS) (width 0.12))
    (fp_line (start -2.61 2.31) (end 7.61 2.31) (layer F.SilkS) (width 0.12))
    (fp_line (start 7.61 2.31) (end 7.61 -1.71) (layer F.SilkS) (width 0.12))
    (fp_line (start 7.61 -1.71) (end -2.61 -1.71) (layer F.SilkS) (width 0.12))
    (fp_line (start -2.61 0) (end -2.11 0) (layer F.SilkS) (width 0.12))
    (fp_line (start -2.11 0) (end -2.11 -1.21) (layer F.SilkS) (width 0.12))
    (fp_line (start -2.11 -1.21) (end 7.11 -1.21) (layer F.SilkS) (width 0.12))
    (fp_line (start 7.11 -1.21) (end 7.11 0) (layer F.SilkS) (width 0.12))
    (fp_line (start 7.11 0) (end 7.61 0) (layer F.SilkS) (width 0.12))
    (fp_line (start -2.61 0.81) (end -1.61 0.81) (layer F.SilkS) (width 0.12))
    (fp_line (start -1.61 0.81) (end -1.61 2.31) (layer F.SilkS) (width 0.12))
    (fp_line (start 7.61 0.81) (end 6.61 0.81) (layer F.SilkS) (width 0.12))
    (fp_line (start 6.61 0.81) (end 6.61 2.31) (layer F.SilkS) (width 0.12))
    (fp_line (start -2.91 0.11) (end -2.91 2.61) (layer F.SilkS) (width 0.12))
    (fp_line (start -2.91 2.61) (end -0.41 2.61) (layer F.SilkS) (width 0.12))
    (fp_line (start -2.91 0.11) (end -2.91 2.61) (layer F.Fab) (width 0.1))
    (fp_line (start -2.91 2.61) (end -0.41 2.61) (layer F.Fab) (width 0.1))
    (pad 3 thru_hole oval (at 5 0) (size 1.7 1.95) (drill 0.95) (layers *.Cu *.Mask)
      (net 1 GNDPWR))
    (pad 2 thru_hole oval (at 2.5 0) (size 1.7 1.95) (drill 0.95) (layers *.Cu *.Mask)
      (net 74 /RC_PPM_IN))
    (pad 1 thru_hole roundrect (at 0 0) (size 1.7 1.95) (drill 0.95) (layers *.Cu *.Mask) (roundrect_rratio 0.147059)
      (net 2 /unreg5V))
    (model ${KISYS3DMOD}/Connector_JST.3dshapes/JST_EH_B3B-EH-A_1x03_P2.50mm_Vertical.wrl
      (at (xyz 0 0 0))
      (scale (xyz 1 1 1))
      (rotate (xyz 0 0 0))
    )
  )

  (module Downloads:nautilus (layer F.Cu) (tedit 0) (tstamp 604E0B98)
    (at 48.03 85.98)
    (fp_text reference G*** (at 0 0) (layer F.SilkS) hide
      (effects (font (size 1.524 1.524) (thickness 0.3)))
    )
    (fp_text value LOGO (at 0.75 0) (layer F.SilkS) hide
      (effects (font (size 1.524 1.524) (thickness 0.3)))
    )
    (fp_poly (pts (xy 8.466667 8.05103) (xy 8.258849 8.258849) (xy 8.05103 8.466667) (xy -8.483244 8.466667)
      (xy -8.47159 5.621889) (xy -6.773333 5.621889) (xy -6.773333 5.990542) (xy -6.0325 6.177161)
      (xy -5.583986 6.287994) (xy -5.187018 6.379003) (xy -4.817557 6.452431) (xy -4.451564 6.51052)
      (xy -4.065002 6.555514) (xy -3.633831 6.589657) (xy -3.134014 6.615191) (xy -2.541513 6.634359)
      (xy -1.832288 6.649405) (xy -0.982302 6.662571) (xy -0.804333 6.665026) (xy 0.384124 6.674962)
      (xy 1.418227 6.669553) (xy 2.312338 6.647914) (xy 3.080818 6.609165) (xy 3.738028 6.552424)
      (xy 4.298328 6.476807) (xy 4.776081 6.381432) (xy 5.061747 6.304656) (xy 5.301984 6.246901)
      (xy 5.470978 6.233073) (xy 5.512491 6.246619) (xy 5.571725 6.360771) (xy 5.650175 6.568109)
      (xy 5.670575 6.629924) (xy 5.751261 6.837233) (xy 5.848383 6.922426) (xy 6.015705 6.928555)
      (xy 6.040636 6.926258) (xy 6.194222 6.902135) (xy 6.276831 6.838766) (xy 6.314936 6.69201)
      (xy 6.333903 6.437233) (xy 6.378267 6.082056) (xy 6.457628 5.854135) (xy 6.561913 5.765055)
      (xy 6.681052 5.826402) (xy 6.759371 5.947834) (xy 6.828069 6.071647) (xy 6.84452 6.047158)
      (xy 6.837922 5.969) (xy 6.855647 5.77242) (xy 6.889574 5.688498) (xy 6.891511 5.563432)
      (xy 6.812277 5.414779) (xy 6.697924 5.305361) (xy 6.600325 5.293938) (xy 6.473058 5.302724)
      (xy 6.399974 5.282883) (xy 6.318855 5.204971) (xy 6.276824 5.027428) (xy 6.265334 4.732275)
      (xy 6.261598 4.454219) (xy 6.237227 4.305229) (xy 6.172476 4.245039) (xy 6.047598 4.233384)
      (xy 6.020658 4.233334) (xy 5.857678 4.258174) (xy 5.737244 4.359423) (xy 5.614513 4.577172)
      (xy 5.598612 4.610671) (xy 5.421242 4.988009) (xy 5.017788 4.865588) (xy 4.772617 4.794489)
      (xy 4.597895 4.749865) (xy 4.553008 4.74225) (xy 4.47663 4.674197) (xy 4.371946 4.509349)
      (xy 4.360334 4.487334) (xy 4.209965 4.311465) (xy 4.021624 4.230325) (xy 3.848693 4.254638)
      (xy 3.753967 4.365505) (xy 3.726984 4.39747) (xy 3.663139 4.423713) (xy 3.547813 4.444688)
      (xy 3.366393 4.46085) (xy 3.104261 4.472654) (xy 2.746804 4.480554) (xy 2.279404 4.485006)
      (xy 1.687447 4.486462) (xy 0.956317 4.485379) (xy 0.071398 4.48221) (xy 0.010124 4.481951)
      (xy -0.930077 4.478622) (xy -1.721545 4.478201) (xy -2.384874 4.48199) (xy -2.940659 4.491291)
      (xy -3.409491 4.507404) (xy -3.811966 4.531632) (xy -4.168675 4.565276) (xy -4.500214 4.609637)
      (xy -4.827174 4.666017) (xy -5.170151 4.735717) (xy -5.549737 4.820039) (xy -5.630333 4.838423)
      (xy -6.09022 4.950802) (xy -6.40843 5.052935) (xy -6.610351 5.162225) (xy -6.721367 5.29607)
      (xy -6.766865 5.471873) (xy -6.773333 5.621889) (xy -8.47159 5.621889) (xy -8.453789 1.277036)
      (xy -8.448845 0.188753) (xy -8.443181 -0.85045) (xy -8.436918 -1.828178) (xy -8.430181 -2.732032)
      (xy -8.423092 -3.549616) (xy -8.415774 -4.268531) (xy -8.408351 -4.87638) (xy -8.400945 -5.360766)
      (xy -8.393679 -5.709292) (xy -8.386678 -5.90956) (xy -8.382 -5.954894) (xy -8.287356 -5.975008)
      (xy -8.053178 -6.003275) (xy -7.708903 -6.036743) (xy -7.283966 -6.072459) (xy -6.985 -6.095009)
      (xy -5.450407 -6.245207) (xy -4.04124 -6.468715) (xy -2.726867 -6.773122) (xy -1.476653 -7.166019)
      (xy -0.259964 -7.654995) (xy 0.232908 -7.883379) (xy 1.270149 -8.382) (xy 8.466667 -8.382)
      (xy 8.466667 8.05103)) (layer F.SilkS) (width 0.01))
  )

  (module W25Q16JVZPIQ:SON127P500X600X80-9N (layer F.Cu) (tedit 604C212A) (tstamp 604D1B3B)
    (at 96.116 91.396)
    (path /60616878)
    (fp_text reference U4 (at -0.915 -3.535) (layer F.SilkS)
      (effects (font (size 1 1) (thickness 0.015)))
    )
    (fp_text value W25Q16JVZPIQ (at -0.676 -5.576) (layer F.Fab)
      (effects (font (size 1 1) (thickness 0.015)))
    )
    (fp_poly (pts (xy -1.08 -1.36) (xy 1.08 -1.36) (xy 1.08 1.36) (xy -1.08 1.36)) (layer F.Paste) (width 0.01))
    (fp_circle (center -4.085 -1.905) (end -3.985 -1.905) (layer F.SilkS) (width 0.2))
    (fp_circle (center -4.085 -1.905) (end -3.985 -1.905) (layer F.Fab) (width 0.2))
    (fp_line (start -3 -2.5) (end 3 -2.5) (layer F.Fab) (width 0.127))
    (fp_line (start -3 2.5) (end 3 2.5) (layer F.Fab) (width 0.127))
    (fp_line (start -3 -2.5) (end 3 -2.5) (layer F.SilkS) (width 0.127))
    (fp_line (start -3 2.5) (end 3 2.5) (layer F.SilkS) (width 0.127))
    (fp_line (start -3 -2.5) (end -3 2.5) (layer F.Fab) (width 0.127))
    (fp_line (start 3 -2.5) (end 3 2.5) (layer F.Fab) (width 0.127))
    (fp_line (start -3.615 -2.8) (end 3.615 -2.8) (layer F.CrtYd) (width 0.05))
    (fp_line (start -3.615 2.8) (end 3.615 2.8) (layer F.CrtYd) (width 0.05))
    (fp_line (start -3.615 -2.8) (end -3.615 2.8) (layer F.CrtYd) (width 0.05))
    (fp_line (start 3.615 -2.8) (end 3.615 2.8) (layer F.CrtYd) (width 0.05))
    (pad 9 smd rect (at 0 0) (size 3.4 4.3) (layers F.Cu F.Mask)
      (net 1 GNDPWR))
    (pad 8 smd rect (at 2.845 -1.905) (size 1.04 0.44) (layers F.Cu F.Paste F.Mask)
      (net 3 /3V3))
    (pad 7 smd rect (at 2.845 -0.635) (size 1.04 0.44) (layers F.Cu F.Paste F.Mask)
      (net 81 "Net-(R8-Pad1)"))
    (pad 6 smd rect (at 2.845 0.635) (size 1.04 0.44) (layers F.Cu F.Paste F.Mask)
      (net 107 /FLASH_SCK))
    (pad 5 smd rect (at 2.845 1.905) (size 1.04 0.44) (layers F.Cu F.Paste F.Mask)
      (net 109 /FLASH_MOSI))
    (pad 4 smd rect (at -2.845 1.905) (size 1.04 0.44) (layers F.Cu F.Paste F.Mask)
      (net 1 GNDPWR))
    (pad 3 smd rect (at -2.845 0.635) (size 1.04 0.44) (layers F.Cu F.Paste F.Mask)
      (net 82 "Net-(R9-Pad1)"))
    (pad 2 smd rect (at -2.845 -0.635) (size 1.04 0.44) (layers F.Cu F.Paste F.Mask)
      (net 108 /FLASH_MISO))
    (pad 1 smd rect (at -2.845 -1.905) (size 1.04 0.44) (layers F.Cu F.Paste F.Mask)
      (net 111 /FLASH_CS))
  )

  (module LD39200PU33R:SON95P300X300X100-7N (layer F.Cu) (tedit 604C194A) (tstamp 604CE01B)
    (at 29.56 96.93 270)
    (path /603B78E7)
    (fp_text reference U1 (at 0.765 -2.362 90) (layer F.SilkS)
      (effects (font (size 1 1) (thickness 0.015)))
    )
    (fp_text value LD39200PU33R (at 10.29 2.362 90) (layer F.Fab)
      (effects (font (size 1 1) (thickness 0.015)))
    )
    (fp_poly (pts (xy -0.51 -0.75) (xy 0.51 -0.75) (xy 0.51 0.75) (xy -0.51 0.75)) (layer F.Paste) (width 0.01))
    (fp_circle (center -2.495 -0.95) (end -2.395 -0.95) (layer F.SilkS) (width 0.2))
    (fp_circle (center -2.495 -0.95) (end -2.395 -0.95) (layer F.Fab) (width 0.2))
    (fp_line (start -1.5 -1.5) (end 1.5 -1.5) (layer F.Fab) (width 0.127))
    (fp_line (start -1.5 1.5) (end 1.5 1.5) (layer F.Fab) (width 0.127))
    (fp_line (start -1.5 -1.5) (end 1.5 -1.5) (layer F.SilkS) (width 0.127))
    (fp_line (start -1.5 1.5) (end 1.5 1.5) (layer F.SilkS) (width 0.127))
    (fp_line (start -1.5 -1.5) (end -1.5 1.5) (layer F.Fab) (width 0.127))
    (fp_line (start 1.5 -1.5) (end 1.5 1.5) (layer F.Fab) (width 0.127))
    (fp_line (start -2.115 -1.8) (end 2.115 -1.8) (layer F.CrtYd) (width 0.05))
    (fp_line (start -2.115 1.8) (end 2.115 1.8) (layer F.CrtYd) (width 0.05))
    (fp_line (start -2.115 -1.8) (end -2.115 1.8) (layer F.CrtYd) (width 0.05))
    (fp_line (start 2.115 -1.8) (end 2.115 1.8) (layer F.CrtYd) (width 0.05))
    (pad 7 smd rect (at 0 0 270) (size 1.63 2.37) (layers F.Cu F.Mask)
      (net 1 GNDPWR))
    (pad 6 smd rect (at 1.435 -0.95 270) (size 0.86 0.4) (layers F.Cu F.Paste F.Mask)
      (net 2 /unreg5V))
    (pad 5 smd rect (at 1.435 0 270) (size 0.86 0.4) (layers F.Cu F.Paste F.Mask)
      (net 2 /unreg5V))
    (pad 4 smd rect (at 1.435 0.95 270) (size 0.86 0.4) (layers F.Cu F.Paste F.Mask)
      (net 85 "Net-(U1-Pad4)"))
    (pad 3 smd rect (at -1.435 0.95 270) (size 0.86 0.4) (layers F.Cu F.Paste F.Mask)
      (net 1 GNDPWR))
    (pad 2 smd rect (at -1.435 0 270) (size 0.86 0.4) (layers F.Cu F.Paste F.Mask)
      (net 3 /3V3))
    (pad 1 smd rect (at -1.435 -0.95 270) (size 0.86 0.4) (layers F.Cu F.Paste F.Mask)
      (net 3 /3V3))
  )

  (module Capacitor_SMD:C_0805_2012Metric (layer F.Cu) (tedit 5F68FEEE) (tstamp 604C96D9)
    (at 34.77 92.8)
    (descr "Capacitor SMD 0805 (2012 Metric), square (rectangular) end terminal, IPC_7351 nominal, (Body size source: IPC-SM-782 page 76, https://www.pcb-3d.com/wordpress/wp-content/uploads/ipc-sm-782a_amendment_1_and_2.pdf, https://docs.google.com/spreadsheets/d/1BsfQQcO9C6DZCsRaXUlFlo91Tg2WpOkGARC1WS5S8t0/edit?usp=sharing), generated with kicad-footprint-generator")
    (tags capacitor)
    (path /603C02EA)
    (attr smd)
    (fp_text reference C1 (at 0 -1.68) (layer F.SilkS)
      (effects (font (size 1 1) (thickness 0.15)))
    )
    (fp_text value 10uF (at 0 1.68) (layer F.Fab)
      (effects (font (size 1 1) (thickness 0.15)))
    )
    (fp_text user %R (at 0 0) (layer F.Fab)
      (effects (font (size 0.5 0.5) (thickness 0.08)))
    )
    (fp_line (start -1 0.625) (end -1 -0.625) (layer F.Fab) (width 0.1))
    (fp_line (start -1 -0.625) (end 1 -0.625) (layer F.Fab) (width 0.1))
    (fp_line (start 1 -0.625) (end 1 0.625) (layer F.Fab) (width 0.1))
    (fp_line (start 1 0.625) (end -1 0.625) (layer F.Fab) (width 0.1))
    (fp_line (start -0.261252 -0.735) (end 0.261252 -0.735) (layer F.SilkS) (width 0.12))
    (fp_line (start -0.261252 0.735) (end 0.261252 0.735) (layer F.SilkS) (width 0.12))
    (fp_line (start -1.7 0.98) (end -1.7 -0.98) (layer F.CrtYd) (width 0.05))
    (fp_line (start -1.7 -0.98) (end 1.7 -0.98) (layer F.CrtYd) (width 0.05))
    (fp_line (start 1.7 -0.98) (end 1.7 0.98) (layer F.CrtYd) (width 0.05))
    (fp_line (start 1.7 0.98) (end -1.7 0.98) (layer F.CrtYd) (width 0.05))
    (pad 2 smd roundrect (at 0.95 0) (size 1 1.45) (layers F.Cu F.Paste F.Mask) (roundrect_rratio 0.25)
      (net 1 GNDPWR))
    (pad 1 smd roundrect (at -0.95 0) (size 1 1.45) (layers F.Cu F.Paste F.Mask) (roundrect_rratio 0.25)
      (net 2 /unreg5V))
    (model ${KISYS3DMOD}/Capacitor_SMD.3dshapes/C_0805_2012Metric.wrl
      (at (xyz 0 0 0))
      (scale (xyz 1 1 1))
      (rotate (xyz 0 0 0))
    )
  )

  (module Capacitor_SMD:C_0805_2012Metric (layer F.Cu) (tedit 5F68FEEE) (tstamp 604C96EA)
    (at 25.18 95.74 270)
    (descr "Capacitor SMD 0805 (2012 Metric), square (rectangular) end terminal, IPC_7351 nominal, (Body size source: IPC-SM-782 page 76, https://www.pcb-3d.com/wordpress/wp-content/uploads/ipc-sm-782a_amendment_1_and_2.pdf, https://docs.google.com/spreadsheets/d/1BsfQQcO9C6DZCsRaXUlFlo91Tg2WpOkGARC1WS5S8t0/edit?usp=sharing), generated with kicad-footprint-generator")
    (tags capacitor)
    (path /603C3214)
    (attr smd)
    (fp_text reference C2 (at 0 -1.68 90) (layer F.SilkS)
      (effects (font (size 1 1) (thickness 0.15)))
    )
    (fp_text value 10uF (at 1.49 0.94 90) (layer F.Fab)
      (effects (font (size 1 1) (thickness 0.15)))
    )
    (fp_line (start 1.7 0.98) (end -1.7 0.98) (layer F.CrtYd) (width 0.05))
    (fp_line (start 1.7 -0.98) (end 1.7 0.98) (layer F.CrtYd) (width 0.05))
    (fp_line (start -1.7 -0.98) (end 1.7 -0.98) (layer F.CrtYd) (width 0.05))
    (fp_line (start -1.7 0.98) (end -1.7 -0.98) (layer F.CrtYd) (width 0.05))
    (fp_line (start -0.261252 0.735) (end 0.261252 0.735) (layer F.SilkS) (width 0.12))
    (fp_line (start -0.261252 -0.735) (end 0.261252 -0.735) (layer F.SilkS) (width 0.12))
    (fp_line (start 1 0.625) (end -1 0.625) (layer F.Fab) (width 0.1))
    (fp_line (start 1 -0.625) (end 1 0.625) (layer F.Fab) (width 0.1))
    (fp_line (start -1 -0.625) (end 1 -0.625) (layer F.Fab) (width 0.1))
    (fp_line (start -1 0.625) (end -1 -0.625) (layer F.Fab) (width 0.1))
    (fp_text user %R (at 0 0 90) (layer F.Fab)
      (effects (font (size 0.5 0.5) (thickness 0.08)))
    )
    (pad 1 smd roundrect (at -0.95 0 270) (size 1 1.45) (layers F.Cu F.Paste F.Mask) (roundrect_rratio 0.25)
      (net 3 /3V3))
    (pad 2 smd roundrect (at 0.95 0 270) (size 1 1.45) (layers F.Cu F.Paste F.Mask) (roundrect_rratio 0.25)
      (net 1 GNDPWR))
    (model ${KISYS3DMOD}/Capacitor_SMD.3dshapes/C_0805_2012Metric.wrl
      (at (xyz 0 0 0))
      (scale (xyz 1 1 1))
      (rotate (xyz 0 0 0))
    )
  )

  (module Capacitor_SMD:C_0805_2012Metric (layer F.Cu) (tedit 5F68FEEE) (tstamp 604C96FB)
    (at 78.782 99.484 270)
    (descr "Capacitor SMD 0805 (2012 Metric), square (rectangular) end terminal, IPC_7351 nominal, (Body size source: IPC-SM-782 page 76, https://www.pcb-3d.com/wordpress/wp-content/uploads/ipc-sm-782a_amendment_1_and_2.pdf, https://docs.google.com/spreadsheets/d/1BsfQQcO9C6DZCsRaXUlFlo91Tg2WpOkGARC1WS5S8t0/edit?usp=sharing), generated with kicad-footprint-generator")
    (tags capacitor)
    (path /603C89F1)
    (attr smd)
    (fp_text reference C3 (at 0 -1.68 90) (layer F.SilkS)
      (effects (font (size 1 1) (thickness 0.15)))
    )
    (fp_text value 100nF (at 0 1.68 90) (layer F.Fab)
      (effects (font (size 1 1) (thickness 0.15)))
    )
    (fp_text user %R (at 0 0 90) (layer F.Fab)
      (effects (font (size 0.5 0.5) (thickness 0.08)))
    )
    (fp_line (start -1 0.625) (end -1 -0.625) (layer F.Fab) (width 0.1))
    (fp_line (start -1 -0.625) (end 1 -0.625) (layer F.Fab) (width 0.1))
    (fp_line (start 1 -0.625) (end 1 0.625) (layer F.Fab) (width 0.1))
    (fp_line (start 1 0.625) (end -1 0.625) (layer F.Fab) (width 0.1))
    (fp_line (start -0.261252 -0.735) (end 0.261252 -0.735) (layer F.SilkS) (width 0.12))
    (fp_line (start -0.261252 0.735) (end 0.261252 0.735) (layer F.SilkS) (width 0.12))
    (fp_line (start -1.7 0.98) (end -1.7 -0.98) (layer F.CrtYd) (width 0.05))
    (fp_line (start -1.7 -0.98) (end 1.7 -0.98) (layer F.CrtYd) (width 0.05))
    (fp_line (start 1.7 -0.98) (end 1.7 0.98) (layer F.CrtYd) (width 0.05))
    (fp_line (start 1.7 0.98) (end -1.7 0.98) (layer F.CrtYd) (width 0.05))
    (pad 2 smd roundrect (at 0.95 0 270) (size 1 1.45) (layers F.Cu F.Paste F.Mask) (roundrect_rratio 0.25)
      (net 3 /3V3))
    (pad 1 smd roundrect (at -0.95 0 270) (size 1 1.45) (layers F.Cu F.Paste F.Mask) (roundrect_rratio 0.25)
      (net 1 GNDPWR))
    (model ${KISYS3DMOD}/Capacitor_SMD.3dshapes/C_0805_2012Metric.wrl
      (at (xyz 0 0 0))
      (scale (xyz 1 1 1))
      (rotate (xyz 0 0 0))
    )
  )

  (module Capacitor_SMD:C_0805_2012Metric (layer F.Cu) (tedit 5F68FEEE) (tstamp 604C970C)
    (at 82.257 99.489 270)
    (descr "Capacitor SMD 0805 (2012 Metric), square (rectangular) end terminal, IPC_7351 nominal, (Body size source: IPC-SM-782 page 76, https://www.pcb-3d.com/wordpress/wp-content/uploads/ipc-sm-782a_amendment_1_and_2.pdf, https://docs.google.com/spreadsheets/d/1BsfQQcO9C6DZCsRaXUlFlo91Tg2WpOkGARC1WS5S8t0/edit?usp=sharing), generated with kicad-footprint-generator")
    (tags capacitor)
    (path /603D06CF)
    (attr smd)
    (fp_text reference C4 (at 0 -1.68 90) (layer F.SilkS)
      (effects (font (size 1 1) (thickness 0.15)))
    )
    (fp_text value 100nF (at 0 1.68 90) (layer F.Fab)
      (effects (font (size 1 1) (thickness 0.15)))
    )
    (fp_line (start 1.7 0.98) (end -1.7 0.98) (layer F.CrtYd) (width 0.05))
    (fp_line (start 1.7 -0.98) (end 1.7 0.98) (layer F.CrtYd) (width 0.05))
    (fp_line (start -1.7 -0.98) (end 1.7 -0.98) (layer F.CrtYd) (width 0.05))
    (fp_line (start -1.7 0.98) (end -1.7 -0.98) (layer F.CrtYd) (width 0.05))
    (fp_line (start -0.261252 0.735) (end 0.261252 0.735) (layer F.SilkS) (width 0.12))
    (fp_line (start -0.261252 -0.735) (end 0.261252 -0.735) (layer F.SilkS) (width 0.12))
    (fp_line (start 1 0.625) (end -1 0.625) (layer F.Fab) (width 0.1))
    (fp_line (start 1 -0.625) (end 1 0.625) (layer F.Fab) (width 0.1))
    (fp_line (start -1 -0.625) (end 1 -0.625) (layer F.Fab) (width 0.1))
    (fp_line (start -1 0.625) (end -1 -0.625) (layer F.Fab) (width 0.1))
    (fp_text user %R (at 0 0 90) (layer F.Fab)
      (effects (font (size 0.5 0.5) (thickness 0.08)))
    )
    (pad 1 smd roundrect (at -0.95 0 270) (size 1 1.45) (layers F.Cu F.Paste F.Mask) (roundrect_rratio 0.25)
      (net 1 GNDPWR))
    (pad 2 smd roundrect (at 0.95 0 270) (size 1 1.45) (layers F.Cu F.Paste F.Mask) (roundrect_rratio 0.25)
      (net 3 /3V3))
    (model ${KISYS3DMOD}/Capacitor_SMD.3dshapes/C_0805_2012Metric.wrl
      (at (xyz 0 0 0))
      (scale (xyz 1 1 1))
      (rotate (xyz 0 0 0))
    )
  )

  (module Capacitor_SMD:C_0805_2012Metric (layer F.Cu) (tedit 5F68FEEE) (tstamp 604C971D)
    (at 75.282 99.484 270)
    (descr "Capacitor SMD 0805 (2012 Metric), square (rectangular) end terminal, IPC_7351 nominal, (Body size source: IPC-SM-782 page 76, https://www.pcb-3d.com/wordpress/wp-content/uploads/ipc-sm-782a_amendment_1_and_2.pdf, https://docs.google.com/spreadsheets/d/1BsfQQcO9C6DZCsRaXUlFlo91Tg2WpOkGARC1WS5S8t0/edit?usp=sharing), generated with kicad-footprint-generator")
    (tags capacitor)
    (path /603D0A1B)
    (attr smd)
    (fp_text reference C5 (at 0 -1.68 90) (layer F.SilkS)
      (effects (font (size 1 1) (thickness 0.15)))
    )
    (fp_text value 100nF (at 0 1.68 90) (layer F.Fab)
      (effects (font (size 1 1) (thickness 0.15)))
    )
    (fp_text user %R (at 0 0 90) (layer F.Fab)
      (effects (font (size 0.5 0.5) (thickness 0.08)))
    )
    (fp_line (start -1 0.625) (end -1 -0.625) (layer F.Fab) (width 0.1))
    (fp_line (start -1 -0.625) (end 1 -0.625) (layer F.Fab) (width 0.1))
    (fp_line (start 1 -0.625) (end 1 0.625) (layer F.Fab) (width 0.1))
    (fp_line (start 1 0.625) (end -1 0.625) (layer F.Fab) (width 0.1))
    (fp_line (start -0.261252 -0.735) (end 0.261252 -0.735) (layer F.SilkS) (width 0.12))
    (fp_line (start -0.261252 0.735) (end 0.261252 0.735) (layer F.SilkS) (width 0.12))
    (fp_line (start -1.7 0.98) (end -1.7 -0.98) (layer F.CrtYd) (width 0.05))
    (fp_line (start -1.7 -0.98) (end 1.7 -0.98) (layer F.CrtYd) (width 0.05))
    (fp_line (start 1.7 -0.98) (end 1.7 0.98) (layer F.CrtYd) (width 0.05))
    (fp_line (start 1.7 0.98) (end -1.7 0.98) (layer F.CrtYd) (width 0.05))
    (pad 2 smd roundrect (at 0.95 0 270) (size 1 1.45) (layers F.Cu F.Paste F.Mask) (roundrect_rratio 0.25)
      (net 3 /3V3))
    (pad 1 smd roundrect (at -0.95 0 270) (size 1 1.45) (layers F.Cu F.Paste F.Mask) (roundrect_rratio 0.25)
      (net 1 GNDPWR))
    (model ${KISYS3DMOD}/Capacitor_SMD.3dshapes/C_0805_2012Metric.wrl
      (at (xyz 0 0 0))
      (scale (xyz 1 1 1))
      (rotate (xyz 0 0 0))
    )
  )

  (module Capacitor_SMD:C_0805_2012Metric (layer F.Cu) (tedit 5F68FEEE) (tstamp 604C972E)
    (at 71.802 99.484 270)
    (descr "Capacitor SMD 0805 (2012 Metric), square (rectangular) end terminal, IPC_7351 nominal, (Body size source: IPC-SM-782 page 76, https://www.pcb-3d.com/wordpress/wp-content/uploads/ipc-sm-782a_amendment_1_and_2.pdf, https://docs.google.com/spreadsheets/d/1BsfQQcO9C6DZCsRaXUlFlo91Tg2WpOkGARC1WS5S8t0/edit?usp=sharing), generated with kicad-footprint-generator")
    (tags capacitor)
    (path /603D0D76)
    (attr smd)
    (fp_text reference C6 (at 0 -1.68 90) (layer F.SilkS)
      (effects (font (size 1 1) (thickness 0.15)))
    )
    (fp_text value 100nF (at 0 1.68 90) (layer F.Fab)
      (effects (font (size 1 1) (thickness 0.15)))
    )
    (fp_line (start 1.7 0.98) (end -1.7 0.98) (layer F.CrtYd) (width 0.05))
    (fp_line (start 1.7 -0.98) (end 1.7 0.98) (layer F.CrtYd) (width 0.05))
    (fp_line (start -1.7 -0.98) (end 1.7 -0.98) (layer F.CrtYd) (width 0.05))
    (fp_line (start -1.7 0.98) (end -1.7 -0.98) (layer F.CrtYd) (width 0.05))
    (fp_line (start -0.261252 0.735) (end 0.261252 0.735) (layer F.SilkS) (width 0.12))
    (fp_line (start -0.261252 -0.735) (end 0.261252 -0.735) (layer F.SilkS) (width 0.12))
    (fp_line (start 1 0.625) (end -1 0.625) (layer F.Fab) (width 0.1))
    (fp_line (start 1 -0.625) (end 1 0.625) (layer F.Fab) (width 0.1))
    (fp_line (start -1 -0.625) (end 1 -0.625) (layer F.Fab) (width 0.1))
    (fp_line (start -1 0.625) (end -1 -0.625) (layer F.Fab) (width 0.1))
    (fp_text user %R (at 0 0 90) (layer F.Fab)
      (effects (font (size 0.5 0.5) (thickness 0.08)))
    )
    (pad 1 smd roundrect (at -0.95 0 270) (size 1 1.45) (layers F.Cu F.Paste F.Mask) (roundrect_rratio 0.25)
      (net 1 GNDPWR))
    (pad 2 smd roundrect (at 0.95 0 270) (size 1 1.45) (layers F.Cu F.Paste F.Mask) (roundrect_rratio 0.25)
      (net 3 /3V3))
    (model ${KISYS3DMOD}/Capacitor_SMD.3dshapes/C_0805_2012Metric.wrl
      (at (xyz 0 0 0))
      (scale (xyz 1 1 1))
      (rotate (xyz 0 0 0))
    )
  )

  (module Capacitor_SMD:C_0805_2012Metric (layer F.Cu) (tedit 5F68FEEE) (tstamp 604C973F)
    (at 68.282 99.504 270)
    (descr "Capacitor SMD 0805 (2012 Metric), square (rectangular) end terminal, IPC_7351 nominal, (Body size source: IPC-SM-782 page 76, https://www.pcb-3d.com/wordpress/wp-content/uploads/ipc-sm-782a_amendment_1_and_2.pdf, https://docs.google.com/spreadsheets/d/1BsfQQcO9C6DZCsRaXUlFlo91Tg2WpOkGARC1WS5S8t0/edit?usp=sharing), generated with kicad-footprint-generator")
    (tags capacitor)
    (path /603D0F82)
    (attr smd)
    (fp_text reference C7 (at 0 -1.68 90) (layer F.SilkS)
      (effects (font (size 1 1) (thickness 0.15)))
    )
    (fp_text value 100nF (at 0 1.68 90) (layer F.Fab)
      (effects (font (size 1 1) (thickness 0.15)))
    )
    (fp_text user %R (at 0 0 90) (layer F.Fab)
      (effects (font (size 0.5 0.5) (thickness 0.08)))
    )
    (fp_line (start -1 0.625) (end -1 -0.625) (layer F.Fab) (width 0.1))
    (fp_line (start -1 -0.625) (end 1 -0.625) (layer F.Fab) (width 0.1))
    (fp_line (start 1 -0.625) (end 1 0.625) (layer F.Fab) (width 0.1))
    (fp_line (start 1 0.625) (end -1 0.625) (layer F.Fab) (width 0.1))
    (fp_line (start -0.261252 -0.735) (end 0.261252 -0.735) (layer F.SilkS) (width 0.12))
    (fp_line (start -0.261252 0.735) (end 0.261252 0.735) (layer F.SilkS) (width 0.12))
    (fp_line (start -1.7 0.98) (end -1.7 -0.98) (layer F.CrtYd) (width 0.05))
    (fp_line (start -1.7 -0.98) (end 1.7 -0.98) (layer F.CrtYd) (width 0.05))
    (fp_line (start 1.7 -0.98) (end 1.7 0.98) (layer F.CrtYd) (width 0.05))
    (fp_line (start 1.7 0.98) (end -1.7 0.98) (layer F.CrtYd) (width 0.05))
    (pad 2 smd roundrect (at 0.95 0 270) (size 1 1.45) (layers F.Cu F.Paste F.Mask) (roundrect_rratio 0.25)
      (net 3 /3V3))
    (pad 1 smd roundrect (at -0.95 0 270) (size 1 1.45) (layers F.Cu F.Paste F.Mask) (roundrect_rratio 0.25)
      (net 1 GNDPWR))
    (model ${KISYS3DMOD}/Capacitor_SMD.3dshapes/C_0805_2012Metric.wrl
      (at (xyz 0 0 0))
      (scale (xyz 1 1 1))
      (rotate (xyz 0 0 0))
    )
  )

  (module Capacitor_SMD:C_0805_2012Metric (layer F.Cu) (tedit 5F68FEEE) (tstamp 604C9750)
    (at 64.682 80.514)
    (descr "Capacitor SMD 0805 (2012 Metric), square (rectangular) end terminal, IPC_7351 nominal, (Body size source: IPC-SM-782 page 76, https://www.pcb-3d.com/wordpress/wp-content/uploads/ipc-sm-782a_amendment_1_and_2.pdf, https://docs.google.com/spreadsheets/d/1BsfQQcO9C6DZCsRaXUlFlo91Tg2WpOkGARC1WS5S8t0/edit?usp=sharing), generated with kicad-footprint-generator")
    (tags capacitor)
    (path /603E3689)
    (attr smd)
    (fp_text reference C8 (at 0 -1.68) (layer F.SilkS)
      (effects (font (size 1 1) (thickness 0.15)))
    )
    (fp_text value 10pF (at 0 1.68) (layer F.Fab)
      (effects (font (size 1 1) (thickness 0.15)))
    )
    (fp_line (start 1.7 0.98) (end -1.7 0.98) (layer F.CrtYd) (width 0.05))
    (fp_line (start 1.7 -0.98) (end 1.7 0.98) (layer F.CrtYd) (width 0.05))
    (fp_line (start -1.7 -0.98) (end 1.7 -0.98) (layer F.CrtYd) (width 0.05))
    (fp_line (start -1.7 0.98) (end -1.7 -0.98) (layer F.CrtYd) (width 0.05))
    (fp_line (start -0.261252 0.735) (end 0.261252 0.735) (layer F.SilkS) (width 0.12))
    (fp_line (start -0.261252 -0.735) (end 0.261252 -0.735) (layer F.SilkS) (width 0.12))
    (fp_line (start 1 0.625) (end -1 0.625) (layer F.Fab) (width 0.1))
    (fp_line (start 1 -0.625) (end 1 0.625) (layer F.Fab) (width 0.1))
    (fp_line (start -1 -0.625) (end 1 -0.625) (layer F.Fab) (width 0.1))
    (fp_line (start -1 0.625) (end -1 -0.625) (layer F.Fab) (width 0.1))
    (fp_text user %R (at 0 0) (layer F.Fab)
      (effects (font (size 0.5 0.5) (thickness 0.08)))
    )
    (pad 1 smd roundrect (at -0.95 0) (size 1 1.45) (layers F.Cu F.Paste F.Mask) (roundrect_rratio 0.25)
      (net 4 /PH0))
    (pad 2 smd roundrect (at 0.95 0) (size 1 1.45) (layers F.Cu F.Paste F.Mask) (roundrect_rratio 0.25)
      (net 1 GNDPWR))
    (model ${KISYS3DMOD}/Capacitor_SMD.3dshapes/C_0805_2012Metric.wrl
      (at (xyz 0 0 0))
      (scale (xyz 1 1 1))
      (rotate (xyz 0 0 0))
    )
  )

  (module Capacitor_SMD:C_0805_2012Metric (layer F.Cu) (tedit 5F68FEEE) (tstamp 604C9761)
    (at 64.792 86.924 180)
    (descr "Capacitor SMD 0805 (2012 Metric), square (rectangular) end terminal, IPC_7351 nominal, (Body size source: IPC-SM-782 page 76, https://www.pcb-3d.com/wordpress/wp-content/uploads/ipc-sm-782a_amendment_1_and_2.pdf, https://docs.google.com/spreadsheets/d/1BsfQQcO9C6DZCsRaXUlFlo91Tg2WpOkGARC1WS5S8t0/edit?usp=sharing), generated with kicad-footprint-generator")
    (tags capacitor)
    (path /603E3E62)
    (attr smd)
    (fp_text reference C9 (at 0 -1.68) (layer F.SilkS)
      (effects (font (size 1 1) (thickness 0.15)))
    )
    (fp_text value 10pF (at 0 1.68) (layer F.Fab)
      (effects (font (size 1 1) (thickness 0.15)))
    )
    (fp_text user %R (at 0 0) (layer F.Fab)
      (effects (font (size 0.5 0.5) (thickness 0.08)))
    )
    (fp_line (start -1 0.625) (end -1 -0.625) (layer F.Fab) (width 0.1))
    (fp_line (start -1 -0.625) (end 1 -0.625) (layer F.Fab) (width 0.1))
    (fp_line (start 1 -0.625) (end 1 0.625) (layer F.Fab) (width 0.1))
    (fp_line (start 1 0.625) (end -1 0.625) (layer F.Fab) (width 0.1))
    (fp_line (start -0.261252 -0.735) (end 0.261252 -0.735) (layer F.SilkS) (width 0.12))
    (fp_line (start -0.261252 0.735) (end 0.261252 0.735) (layer F.SilkS) (width 0.12))
    (fp_line (start -1.7 0.98) (end -1.7 -0.98) (layer F.CrtYd) (width 0.05))
    (fp_line (start -1.7 -0.98) (end 1.7 -0.98) (layer F.CrtYd) (width 0.05))
    (fp_line (start 1.7 -0.98) (end 1.7 0.98) (layer F.CrtYd) (width 0.05))
    (fp_line (start 1.7 0.98) (end -1.7 0.98) (layer F.CrtYd) (width 0.05))
    (pad 2 smd roundrect (at 0.95 0 180) (size 1 1.45) (layers F.Cu F.Paste F.Mask) (roundrect_rratio 0.25)
      (net 1 GNDPWR))
    (pad 1 smd roundrect (at -0.95 0 180) (size 1 1.45) (layers F.Cu F.Paste F.Mask) (roundrect_rratio 0.25)
      (net 117 /PH1))
    (model ${KISYS3DMOD}/Capacitor_SMD.3dshapes/C_0805_2012Metric.wrl
      (at (xyz 0 0 0))
      (scale (xyz 1 1 1))
      (rotate (xyz 0 0 0))
    )
  )

  (module Capacitor_SMD:C_0805_2012Metric (layer F.Cu) (tedit 5F68FEEE) (tstamp 604C9772)
    (at 38.98 68.47 90)
    (descr "Capacitor SMD 0805 (2012 Metric), square (rectangular) end terminal, IPC_7351 nominal, (Body size source: IPC-SM-782 page 76, https://www.pcb-3d.com/wordpress/wp-content/uploads/ipc-sm-782a_amendment_1_and_2.pdf, https://docs.google.com/spreadsheets/d/1BsfQQcO9C6DZCsRaXUlFlo91Tg2WpOkGARC1WS5S8t0/edit?usp=sharing), generated with kicad-footprint-generator")
    (tags capacitor)
    (path /6050E193)
    (attr smd)
    (fp_text reference C10 (at 0 -1.68 90) (layer F.SilkS)
      (effects (font (size 1 1) (thickness 0.15)))
    )
    (fp_text value 2.2UuF (at 0 1.68 90) (layer F.Fab)
      (effects (font (size 1 1) (thickness 0.15)))
    )
    (fp_text user %R (at 0 0 90) (layer F.Fab)
      (effects (font (size 0.5 0.5) (thickness 0.08)))
    )
    (fp_line (start -1 0.625) (end -1 -0.625) (layer F.Fab) (width 0.1))
    (fp_line (start -1 -0.625) (end 1 -0.625) (layer F.Fab) (width 0.1))
    (fp_line (start 1 -0.625) (end 1 0.625) (layer F.Fab) (width 0.1))
    (fp_line (start 1 0.625) (end -1 0.625) (layer F.Fab) (width 0.1))
    (fp_line (start -0.261252 -0.735) (end 0.261252 -0.735) (layer F.SilkS) (width 0.12))
    (fp_line (start -0.261252 0.735) (end 0.261252 0.735) (layer F.SilkS) (width 0.12))
